D	SN	WD	KD	KG	KN	SG	SD	ŚD	MD	WN	WG	ŚG	ŚN	gesture_id
0.6722689075630255	0.2432432432432421	0.40909090909090917	0.18803418803418737	0.7999999999999998	1.0	0.5070422535211265	0.04379562043795615	0.8881987577639752	0.5888888888888886	1.0	0.0	0.5238095238095246	0.008474576271186446	4
0.6386554621848739	0.2702702702702702	0.3896103896103895	0.19658119658119588	0.7894736842105261	1.0	0.4788732394366195	0.03649635036496357	0.8819875776397517	0.5444444444444443	1.0	0.0	0.5238095238095246	0.008474576271186446	4
0.6134453781512605	0.2702702702702702	0.37662337662337686	0.17094017094017033	0.7789473684210524	1.0	0.46478873239436647	0.021897810218978186	0.8757763975155277	0.5	1.0	0.0	0.5238095238095246	0.008474576271186446	4
0.6050420168067228	0.2702702702702702	0.36363636363636376	0.13675213675213627	0.757894736842105	1.0	0.4507042253521125	0.021897810218978186	0.8695652173913042	0.48888888888888893	1.0	0.0	0.5238095238095246	0.008474576271186446	4
0.5798319327731094	0.2972972972972947	0.3571428571428572	0.12820512820512775	0.757894736842105	0.0	0.43661971830985946	0.014598540145985384	0.8695652173913042	0.5	1.0	0.0	0.5238095238095246	0.008474576271186446	4
0.5882352941176472	0.2972972972972947	0.3441558441558441	0.1538461538461533	0.7473684210526312	1.0	0.4507042253521125	0.014598540145985384	0.8633540372670807	0.48888888888888893	0.9444444444444446	0.0	0.5238095238095246	0.008474576271186446	4
0.596638655462185	0.3243243243243228	0.35064935064935066	0.17948717948717885	0.7368421052631575	1.0	0.43661971830985946	0.007299270072992803	0.8571428571428572	0.48888888888888893	0.8888888888888893	0.0	0.5238095238095246	0.008474576271186446	4
0.5798319327731094	0.3243243243243228	0.33766233766233755	0.17094017094017033	0.7263157894736842	1.0	0.43661971830985946	0.007299270072992803	0.8571428571428572	0.4555555555555557	0.8888888888888893	0.0	0.5	0.008474576271186446	4
0.5714285714285716	0.2972972972972947	0.331168831168831	0.1538461538461533	0.7263157894736842	1.0	0.4507042253521125	0.021897810218978186	0.8509316770186337	0.5222222222222221	0.8888888888888893	0.0	0.5238095238095246	0.008474576271186446	4
0.5798319327731094	0.2972972972972947	0.33766233766233755	0.16239316239316182	0.7157894736842105	1.0	0.43661971830985946	0.021897810218978186	0.8571428571428572	0.6111111111111107	0.8888888888888893	0.0	0.5238095238095246	0.016949152542372864	4
0.5882352941176472	0.2972972972972947	0.33766233766233755	0.1538461538461533	0.7157894736842105	1.0	0.4507042253521125	0.014598540145985384	0.8695652173913042	0.7666666666666666	0.9444444444444446	0.0	0.5238095238095246	0.016949152542372864	4
0.5630252100840338	0.2972972972972947	0.33766233766233755	0.13675213675213627	0.7157894736842105	1.0	0.46478873239436647	0.014598540145985384	0.8633540372670807	0.7333333333333334	0.8888888888888893	0.0	0.5238095238095246	0.016949152542372864	4
0.554621848739496	0.2972972972972947	0.331168831168831	0.12820512820512775	0.6947368421052631	1.0	0.46478873239436647	0.007299270072992803	0.8757763975155277	0.677777777777778	0.8888888888888893	0.0	0.5476190476190483	0.008474576271186446	4
0.5378151260504205	0.2972972972972947	0.3246753246753249	0.13675213675213627	0.6947368421052631	1.0	0.4507042253521125	0.0	0.8695652173913042	0.5999999999999996	0.8333333333333339	0.0	0.5238095238095246	0.016949152542372864	4
0.5378151260504205	0.2972972972972947	0.31818181818181834	0.11965811965811923	0.7052631578947368	1.0	0.4507042253521125	0.007299270072992803	0.8633540372670807	0.5999999999999996	0.8333333333333339	0.0	0.5476190476190483	0.016949152542372864	4
0.5462184873949583	0.2702702702702702	0.31818181818181834	0.11111111111111072	0.6947368421052631	1.0	0.4507042253521125	0.0	0.8571428571428572	0.5777777777777775	0.8333333333333339	0.0	0.5476190476190483	0.016949152542372864	4
0.5714285714285716	0.2972972972972947	0.3246753246753249	0.13675213675213627	0.6842105263157894	1.0	0.4507042253521125	0.0	0.8509316770186337	0.5444444444444443	0.8888888888888893	0.0	0.5476190476190483	0.016949152542372864	4
0.5798319327731094	0.2972972972972947	0.3441558441558441	0.11965811965811923	0.6947368421052631	1.0	0.4507042253521125	0.007299270072992803	0.8571428571428572	0.6222222222222218	0.8333333333333339	0.03999999999999915	0.5476190476190483	0.016949152542372864	4
1.0	0.2972972972972947	0.6428571428571432	0.6410256410256405	0.8210526315789473	1.0	0.6338028169014085	0.0948905109489051	0.9068322981366461	1.0	0.8888888888888893	0.08000000000000007	0.666666666666667	1.0	4
0.9075630252100839	0.3243243243243228	0.4870129870129869	0.35042735042735007	0.8105263157894735	1.0	0.6760563380281686	0.24817518248175197	0.981366459627329	0.9777777777777779	0.8888888888888893	0.1999999999999993	0.6190476190476195	0.8135593220338984	4
0.7983193277310927	0.3243243243243228	0.5714285714285716	0.2649572649572649	0.8631578947368421	1.0	0.7605633802816905	0.25547445255474455	1.0	0.9888888888888889	0.8888888888888893	0.2400000000000002	1.0	0.7457627118644068	4
0.6470588235294117	0.3243243243243228	0.36363636363636376	0.17094017094017033	0.7999999999999998	1.0	0.6478873239436616	0.21167883211678817	0.9192546583850931	0.8444444444444441	0.8888888888888893	0.16000000000000014	1.0	0.016949152542372864	4
0.5882352941176472	0.35135135135135087	0.35064935064935066	0.12820512820512775	0.7789473684210524	1.0	0.9154929577464785	0.2992700729927009	0.9378881987577641	0.8666666666666663	0.8888888888888893	0.11999999999999922	0.5714285714285721	0.5593220338983051	4
0.6050420168067228	0.3243243243243228	0.2987012987012987	0.07692307692307665	0.7894736842105261	1.0	0.7887323943661975	0.16058394160583944	0.9006211180124222	0.6333333333333329	0.8888888888888893	0.11999999999999922	1.0	0.2627118644067797	4
0.5378151260504205	0.3243243243243228	0.2597402597402598	0.24786324786324787	1.0	1.0	0.6338028169014085	0.14598540145985406	0.8819875776397517	0.5888888888888886	0.8888888888888893	0.11999999999999922	0.5952380952380958	0.016949152542372864	4
0.6554621848739499	0.4054054054054035	0.2987012987012987	0.5726495726495724	0.9157894736842103	1.0	0.5915492957746475	0.13138686131386867	0.8881987577639752	0.5777777777777775	0.8888888888888893	0.16000000000000014	1.0	0.016949152542372864	4
0.6218487394957983	0.3783783783783754	0.30519480519480524	0.8974358974358969	0.8210526315789473	1.0	0.5492957746478875	0.12408759124087587	0.8385093167701863	0.6444444444444448	0.8888888888888893	0.16000000000000014	1.0	0.2288135593220339	4
0.5798319327731094	0.35135135135135087	0.27272727272727293	0.5897435897435894	0.7684210526315787	1.0	0.5352112676056335	0.13138686131386867	0.8571428571428572	0.5999999999999996	0.9444444444444446	0.16000000000000014	1.0	0.02542372881355931	4
0.5630252100840338	0.35135135135135087	0.27272727272727293	0.5299145299145298	0.7157894736842105	1.0	0.5492957746478875	0.15328467153284664	0.8695652173913042	0.5333333333333332	0.9444444444444446	0.11999999999999922	1.0	0.576271186440678	4
0.6974789915966388	0.4594594594594561	0.3701298701298703	0.5982905982905979	0.6105263157894734	1.0	0.7746478873239435	0.6642335766423357	0.7142857142857144	0.6888888888888891	0.8888888888888893	0.11999999999999922	1.0	0.3135593220338983	4
0.4873949579831933	0.4594594594594561	0.2597402597402598	0.5128205128205128	0.3894736842105262	0.0	0.6760563380281686	0.4817518248175181	0.639751552795031	0.5333333333333332	0.9444444444444446	0.11999999999999922	0.9761904761904763	0.6016949152542372	4
0.40336134453781547	0.621621621621621	0.2792207792207795	0.44444444444444375	0.3368421052631576	1.0	0.5774647887323945	0.33576642335766427	0.6273291925465838	0.5111111111111111	0.8888888888888893	0.16000000000000014	1.0	0.5254237288135593	4
0.46218487394957997	0.8108108108108105	0.31818181818181834	0.4273504273504267	0.30526315789473646	1.0	0.7464788732394365	0.45255474452554734	0.6086956521739131	0.5111111111111111	0.8888888888888893	0.16000000000000014	0.9761904761904763	0.6355932203389831	4
0.38655462184873945	0.594594594594593	0.2987012987012987	0.4700854700854702	0.26315789473684204	1.0	0.6901408450704225	0.33576642335766427	0.5962732919254659	0.43333333333333357	1.0	0.16000000000000014	1.0	0.3644067796610169	4
0.37815126050420167	0.594594594594593	0.22727272727272751	0.4786324786324787	0.2947368421052632	1.0	0.8169014084507045	0.48905109489051113	0.5590062111801242	0.5555555555555554	1.0	0.16000000000000014	1.0	0.05084745762711865	4
0.6050420168067228	0.9459459459459438	0.22077922077922096	0.5555555555555554	0.45263157894736805	1.0	0.9999999999999996	0.45255474452554734	0.5590062111801242	0.9888888888888889	0.8888888888888893	0.16000000000000014	0.4761904761904763	0.05084745762711865	4
0.6386554621848739	0.9189189189189158	0.20779220779220786	0.45299145299145316	0.5157894736842104	1.0	0.9295774647887325	0.5109489051094889	0.6273291925465838	0.7555555555555555	0.9444444444444446	0.16000000000000014	0.9761904761904763	0.05084745762711865	4
0.4873949579831933	0.7837837837837824	0.2142857142857144	0.34188034188034155	0.41052631578947363	1.0	0.8028169014084505	0.5036496350364963	0.5776397515527951	0.6555555555555559	0.9444444444444446	0.16000000000000014	0.9761904761904763	0.0423728813559322	4
0.4453781512605044	0.7297297297297298	0.20779220779220786	0.29059829059829045	0.3894736842105262	1.0	0.7183098591549295	0.42335766423357657	0.5527950310559007	0.6111111111111107	0.9444444444444446	0.16000000000000014	0.9761904761904763	0.0423728813559322	4
0.5630252100840338	0.7567567567567544	0.1298701298701297	0.33333333333333304	0.4421052631578948	1.0	0.7183098591549295	0.37956204379562064	0.5465838509316769	0.7333333333333334	0.9444444444444446	0.16000000000000014	1.0	0.0423728813559322	4
0.6890756302521011	0.6486486486486456	0.11688311688311703	0.7606837606837606	0.7368421052631575	1.0	0.7605633802816905	0.416058394160584	0.6335403726708075	0.666666666666667	0.8888888888888893	0.16000000000000014	0.9761904761904763	0.0423728813559322	4
0.6806722689075633	0.5675675675675649	0.08441558441558428	0.5897435897435894	0.5684210526315789	1.0	0.6056338028169015	0.4817518248175181	0.7142857142857144	0.9222222222222225	0.8888888888888893	0.16000000000000014	0.6428571428571432	0.02542372881355931	4
0.7899159663865549	0.621621621621621	0.08441558441558428	0.5641025641025639	0.5789473684210527	1.0	0.6338028169014085	0.4087591240875914	0.7267080745341614	0.8888888888888884	0.8333333333333339	0.16000000000000014	0.6428571428571432	0.02542372881355931	4
0.7394957983193278	0.5405405405405403	0.14935064935064934	0.5042735042735043	0.5789473684210527	1.0	0.5774647887323945	0.35766423357664245	0.7826086956521738	0.7999999999999998	0.8333333333333339	0.11999999999999922	0.5952380952380958	0.02542372881355931	4
0.7478991596638656	0.5135135135135123	0.20779220779220786	0.4273504273504267	0.5157894736842104	1.0	0.49295774647887347	0.4087591240875914	0.7515527950310559	0.677777777777778	0.8333333333333339	0.11999999999999922	0.5476190476190483	0.02542372881355931	4
0.7899159663865549	0.4864864864864842	0.29220779220779214	0.38461538461538414	0.3789473684210525	1.0	0.6338028169014085	0.33576642335766427	0.7142857142857144	0.677777777777778	0.8333333333333339	0.11999999999999922	0.5476190476190483	0.02542372881355931	4
0.9243697478991599	0.5135135135135123	0.6428571428571432	0.5299145299145298	0.6736842105263157	1.0	0.5774647887323945	0.1897810218978102	0.7888198757763973	0.7111111111111112	0.7777777777777786	0.11999999999999922	0.5	0.5338983050847457	4
0.9327731092436977	0.4864864864864842	0.8441558441558445	0.4188034188034182	0.6736842105263157	1.0	0.6338028169014085	0.37956204379562064	0.7701863354037268	0.7444444444444445	0.8333333333333339	0.11999999999999922	0.4285714285714288	0.07627118644067796	4
0.9411764705882355	0.4594594594594561	1.0	1.0	0.7052631578947368	1.0	0.5633802816901405	0.2919708029197079	0.8322981366459627	0.5888888888888886	0.8333333333333339	0.11999999999999922	0.3333333333333339	0.3135593220338983	4
0.7647058823529411	0.43243243243243157	0.8311688311688314	0.6666666666666661	0.5894736842105259	1.0	0.5352112676056335	0.21167883211678817	0.7701863354037268	0.5111111111111111	0.8333333333333339	0.11999999999999922	0.14285714285714324	0.5932203389830508	4
0.6638655462184877	0.43243243243243157	0.720779220779221	0.6239316239316235	0.5263157894736841	1.0	0.5492957746478875	0.18248175182481763	0.701863354037267	0.4666666666666668	0.8333333333333339	0.11999999999999922	0.14285714285714324	0.2627118644067797	4
0.6638655462184877	0.4864864864864842	0.6493506493506498	0.6923076923076916	0.5157894736842104	1.0	0.3943661971830985	0.15328467153284664	0.6832298136645965	0.40000000000000036	0.8333333333333339	0.11999999999999922	0.2142857142857144	0.38135593220338987	4
0.6050420168067228	0.4864864864864842	0.6103896103896105	0.5128205128205128	0.5157894736842104	1.0	0.35211267605633756	0.10948905109489049	0.6583850931677018	0.3888888888888884	0.8333333333333339	0.11999999999999922	0.16666666666666696	0.41525423728813554	4
0.5714285714285716	0.594594594594593	0.5909090909090908	0.615384615384615	0.4421052631578948	1.0	0.35211267605633756	0.10218978102189791	0.639751552795031	0.43333333333333357	0.7777777777777786	0.16000000000000014	0.26190476190476186	0.3983050847457627	4
0.5126050420168067	0.5675675675675649	0.5454545454545454	0.5213675213675213	0.3368421052631576	1.0	0.2816901408450705	0.08759124087591252	0.6086956521739131	0.33333333333333304	0.7777777777777786	0.1999999999999993	0.2142857142857144	0.3305084745762712	4
0.5378151260504205	0.5405405405405403	0.6233766233766236	0.40170940170940117	0.27368421052631575	1.0	0.29577464788732355	0.08029197080291972	0.6024844720496894	0.3111111111111109	0.7777777777777786	0.1999999999999993	0.11904761904761951	0.008474576271186446	4
0.5126050420168067	0.4864864864864842	0.5649350649350651	0.39316239316239265	0.28421052631578947	1.0	0.3098591549295775	0.07299270072992714	0.5590062111801242	0.32222222222222197	0.8333333333333339	0.1999999999999993	0.07142857142857206	0.008474576271186446	4
0.5378151260504205	0.4864864864864842	0.5259740259740262	0.29914529914529897	0.19999999999999973	1.0	0.26760563380281654	0.06569343065693434	0.5341614906832297	0.28888888888888875	0.8333333333333339	0.1999999999999993	0.14285714285714324	0.008474576271186446	4
0.46218487394957997	0.4594594594594561	0.5064935064935066	0.18803418803418737	0.27368421052631575	1.0	0.23943661971830954	0.07299270072992714	0.5838509316770186	0.33333333333333304	0.8333333333333339	0.1999999999999993	0.16666666666666696	0.22033898305084743	4
0.4369747899159666	0.4594594594594561	0.4870129870129869	0.2564102564102564	0.2526315789473683	1.0	0.26760563380281654	0.08759124087591252	0.6086956521739131	0.32222222222222197	0.8333333333333339	0.1999999999999993	0.2142857142857144	0.3135593220338983	4
0.39495798319327724	0.4864864864864842	0.4805194805194808	0.2564102564102564	0.22105263157894717	0.0	0.22535211267605648	0.08759124087591252	0.5838509316770186	0.28888888888888875	0.8333333333333339	0.16000000000000014	0.16666666666666696	0.2627118644067797	4
0.38655462184873945	0.5405405405405403	0.46103896103896114	0.23931623931623935	0.21052631578947345	0.0	0.23943661971830954	0.08759124087591252	0.5714285714285714	0.2666666666666666	0.8333333333333339	0.16000000000000014	0.1904761904761907	0.3135593220338983	4
0.39495798319327724	0.4864864864864842	0.4675324675324677	0.29059829059829045	0.21052631578947345	1.0	0.26760563380281654	0.16058394160583944	0.6149068322981366	0.2777777777777777	0.8333333333333339	0.16000000000000014	0.2142857142857144	0.1864406779661017	4
0.37815126050420167	0.4594594594594561	0.43506493506493493	0.23931623931623935	0.21052631578947345	1.0	0.2816901408450705	0.2919708029197079	0.5714285714285714	0.28888888888888875	0.8333333333333339	0.16000000000000014	0.26190476190476186	0.05932203389830509	4
0.38655462184873945	0.4594594594594561	0.4220779220779223	0.24786324786324787	0.22105263157894717	0.0	0.26760563380281654	0.04379562043795615	0.5590062111801242	0.2777777777777777	0.8333333333333339	0.16000000000000014	0.26190476190476186	0.016949152542372864	4
0.40336134453781547	0.43243243243243157	0.40909090909090917	0.17948717948717885	0.26315789473684204	1.0	0.26760563380281654	0.058394160583941535	0.5714285714285714	0.33333333333333304	0.8333333333333339	0.16000000000000014	0.26190476190476186	0.016949152542372864	4
0.42016806722689104	0.4054054054054035	0.44805194805194803	0.2564102564102564	0.2421052631578946	1.0	0.4507042253521125	0.16058394160583944	0.6086956521739131	0.3555555555555552	0.7777777777777786	0.16000000000000014	0.26190476190476186	0.016949152542372864	4
0.4285714285714288	0.4054054054054035	0.44805194805194803	0.29914529914529897	0.2421052631578946	1.0	0.4507042253521125	0.5474452554744527	0.5776397515527951	0.3555555555555552	0.7777777777777786	0.16000000000000014	0.2857142857142865	0.016949152542372864	4
0.39495798319327724	0.43243243243243157	0.4025974025974026	0.3247863247863245	0.2526315789473683	1.0	0.32394366197183055	0.34306569343065685	0.5403726708074534	0.28888888888888875	0.7777777777777786	0.16000000000000014	0.26190476190476186	0.016949152542372864	4
0.3697478991596639	0.4054054054054035	0.36363636363636376	0.29914529914529897	0.3157894736842102	1.0	0.2816901408450705	0.16058394160583944	0.5217391304347827	0.2666666666666666	0.7777777777777786	0.1999999999999993	0.2857142857142865	0.02542372881355931	4
0.3697478991596639	0.3783783783783754	0.3701298701298703	0.28205128205128194	0.27368421052631575	1.0	0.2535211267605635	0.23357664233576636	0.5093167701863355	0.24444444444444446	0.7777777777777786	1.0	0.3095238095238102	0.0847457627118644	4
0.4369747899159666	0.43243243243243157	0.38311688311688297	0.2735042735042734	0.22105263157894717	1.0	0.22535211267605648	0.3722627737226276	0.5031055900621118	0.2333333333333334	0.8333333333333339	0.5999999999999996	0.23809523809523814	0.05932203389830509	4
0.3697478991596639	0.43243243243243157	0.31818181818181834	0.24786324786324787	0.19999999999999973	1.0	0.21126760563380254	0.3065693430656935	0.4906832298136645	0.21111111111111125	0.7777777777777786	0.5999999999999996	0.2142857142857144	0.05932203389830509	4
0.3529411764705883	0.4054054054054035	0.2987012987012987	0.22222222222222232	0.16842105263157858	1.0	0.19718309859154948	0.24817518248175197	0.4720496894409938	0.20000000000000018	0.8333333333333339	0.6799999999999997	0.16666666666666696	0.06779661016949151	4
0.3529411764705883	0.4054054054054035	0.2857142857142856	0.2136752136752138	0.1473684210526316	1.0	0.18309859154929553	0.3138686131386861	0.45962732919254656	0.1888888888888891	0.7777777777777786	0.6799999999999997	0.16666666666666696	0.008474576271186446	4
0.3529411764705883	0.4054054054054035	0.2857142857142856	0.18803418803418737	0.1473684210526316	1.0	0.16901408450704247	0.3138686131386861	0.45341614906832306	0.17777777777777803	0.7777777777777786	0.7200000000000006	0.16666666666666696	0.008474576271186446	4
0.3529411764705883	0.4054054054054035	0.2597402597402598	0.17948717948717885	0.13684210526315788	1.0	0.16901408450704247	0.2919708029197079	0.44720496894409933	0.1555555555555559	0.7777777777777786	0.7200000000000006	0.16666666666666696	0.008474576271186446	4
0.33613445378151274	0.4054054054054035	0.2597402597402598	0.18803418803418737	0.13684210526315788	1.0	0.19718309859154948	0.27737226277372273	0.45962732919254656	0.1555555555555559	0.7777777777777786	0.6799999999999997	0.16666666666666696	0.008474576271186446	4
0.5378151260504205	0.43243243243243157	0.2792207792207795	0.19658119658119588	0.12631578947368416	1.0	0.18309859154929553	0.08029197080291972	0.4658385093167703	0.1555555555555559	0.7777777777777786	0.6799999999999997	0.2142857142857144	0.008474576271186446	4
0.5042016806722689	0.4594594594594561	0.30519480519480524	0.2136752136752138	0.11578947368421044	1.0	0.16901408450704247	0.08029197080291972	0.45962732919254656	0.16666666666666696	0.7777777777777786	0.7200000000000006	0.14285714285714324	0.008474576271186446	4
0.5042016806722689	0.4054054054054035	0.4285714285714288	0.12820512820512775	0.16842105263157858	1.0	0.15492957746478853	0.0948905109489051	0.4720496894409938	0.16666666666666696	0.7777777777777786	0.6400000000000006	0.14285714285714324	0.008474576271186446	4
0.42016806722689104	0.43243243243243157	0.3896103896103895	0.11965811965811923	0.23157894736842088	1.0	0.12676056338028152	0.32116788321167866	0.45341614906832306	0.14444444444444393	0.7777777777777786	0.6400000000000006	0.09523809523809579	0.008474576271186446	4
0.41176470588235325	0.43243243243243157	0.36363636363636376	0.09401709401709368	0.16842105263157858	1.0	0.14084507042253547	0.08029197080291972	0.44099378881987583	0.12222222222222179	0.8333333333333339	0.6400000000000006	0.04761904761904834	0.008474576271186446	4
0.39495798319327724	0.43243243243243157	0.35064935064935066	0.08547008547008517	0.1578947368421053	1.0	0.12676056338028152	0.23357664233576636	0.4347826086956521	0.11111111111111072	0.8333333333333339	0.5600000000000005	0.04761904761904834	0.0	4
0.39495798319327724	0.4054054054054035	0.35064935064935066	0.08547008547008517	0.13684210526315788	1.0	0.12676056338028152	0.07299270072992714	0.4285714285714286	0.11111111111111072	0.8333333333333339	0.5999999999999996	0.04761904761904834	0.0	4
0.3529411764705883	0.4054054054054035	0.36363636363636376	0.06837606837606813	0.13684210526315788	1.0	0.12676056338028152	0.0948905109489051	0.4223602484472049	0.11111111111111072	0.8333333333333339	0.5999999999999996	0.023809523809524613	0.0	4
0.41176470588235325	0.4054054054054035	0.3441558441558441	0.059829059829059617	0.13684210526315788	1.0	0.12676056338028152	0.08759124087591252	0.4161490683229814	0.11111111111111072	0.7777777777777786	0.5999999999999996	0.023809523809524613	0.0	4
0.33613445378151274	0.4054054054054035	0.37662337662337686	0.1538461538461533	0.22105263157894717	0.0	0.15492957746478853	0.08759124087591252	0.4285714285714286	0.12222222222222179	0.7777777777777786	0.6400000000000006	0.0	0.008474576271186446	4
0.33613445378151274	0.4594594594594561	0.3441558441558441	0.1538461538461533	0.3157894736842102	1.0	0.14084507042253547	0.0948905109489051	0.40993788819875787	0.11111111111111072	0.7777777777777786	0.5600000000000005	0.04761904761904834	0.008474576271186446	4
0.3193277310924372	0.4594594594594561	0.31818181818181834	0.1538461538461533	0.28421052631578947	1.0	0.14084507042253547	0.16788321167883224	0.40993788819875787	0.09999999999999964	0.7777777777777786	0.5999999999999996	0.14285714285714324	0.008474576271186446	4
0.2941176470588238	0.43243243243243157	0.3116883116883118	0.11965811965811923	0.19999999999999973	1.0	0.12676056338028152	0.33576642335766427	0.40372670807453415	0.08888888888888857	0.7777777777777786	0.6400000000000006	0.11904761904761951	0.008474576271186446	4
0.28571428571428603	0.4054054054054035	0.3116883116883118	0.11965811965811923	0.1789473684210523	1.0	0.11267605633802846	0.4014598540145984	0.40372670807453415	0.08888888888888857	0.7777777777777786	0.5999999999999996	0.09523809523809579	0.0	4
0.26050420168067223	0.3783783783783754	0.30519480519480524	0.11111111111111072	0.1578947368421053	1.0	0.09859154929577452	0.2846715328467153	0.39751552795031064	0.08888888888888857	0.7777777777777786	0.5999999999999996	0.07142857142857206	0.0	4
0.26050420168067223	0.4054054054054035	0.2987012987012987	0.1025641025641022	0.1473684210526316	1.0	0.08450704225352101	0.18248175182481763	0.3913043478260869	0.08888888888888857	0.7777777777777786	0.5999999999999996	0.04761904761904834	0.0	4
0.25210084033613445	0.4054054054054035	0.2857142857142856	0.08547008547008517	0.13684210526315788	1.0	0.08450704225352101	0.2043795620437956	0.3850931677018634	0.08888888888888857	0.7777777777777786	0.5999999999999996	0.04761904761904834	0.0	4
0.23529411764705888	0.4054054054054035	0.2857142857142856	0.06837606837606813	0.12631578947368416	1.0	0.08450704225352101	0.16788321167883224	0.3850931677018634	0.0777777777777775	0.7777777777777786	0.5999999999999996	0.04761904761904834	0.0	4
0.27731092436974825	0.3783783783783754	0.2792207792207795	0.07692307692307665	0.11578947368421044	1.0	0.08450704225352101	0.2189781021897812	0.3788819875776397	0.0777777777777775	0.7777777777777786	0.5999999999999996	0.04761904761904834	0.0	4
0.32773109243697496	0.4054054054054035	0.2792207792207795	0.07692307692307665	0.11578947368421044	1.0	0.08450704225352101	0.21167883211678817	0.3726708074534162	0.0777777777777775	0.7777777777777786	0.5999999999999996	0.04761904761904834	0.0	4
0.38655462184873945	0.4054054054054035	0.2662337662337664	0.11965811965811923	0.12631578947368416	1.0	0.08450704225352101	0.2627737226277371	0.3726708074534162	0.0777777777777775	0.7777777777777786	0.5999999999999996	0.04761904761904834	0.0	4
0.3529411764705883	0.4054054054054035	0.2597402597402598	0.14529914529914478	0.12631578947368416	1.0	0.08450704225352101	0.23357664233576636	0.3726708074534162	0.0777777777777775	0.7777777777777786	0.5999999999999996	0.07142857142857206	0.0	4
0.2941176470588238	0.4054054054054035	0.2597402597402598	0.12820512820512775	0.11578947368421044	1.0	0.07042253521126751	0.10948905109489049	0.36645962732919246	0.06666666666666643	0.7777777777777786	0.5999999999999996	0.07142857142857206	0.0	4
0.26890756302521	0.43243243243243157	0.2597402597402598	0.11965811965811923	0.10526315789473673	1.0	0.07042253521126751	0.17518248175182483	0.36645962732919246	0.06666666666666643	0.8333333333333339	0.5999999999999996	0.07142857142857206	0.0	4
0.26890756302521	0.4054054054054035	0.2597402597402598	0.09401709401709368	0.09473684210526301	1.0	0.07042253521126751	0.1897810218978102	0.36024844720496896	0.06666666666666643	0.8333333333333339	0.5999999999999996	0.09523809523809579	0.0	4
0.26050420168067223	0.43243243243243157	0.27272727272727293	0.07692307692307665	0.09473684210526301	1.0	0.07042253521126751	0.2919708029197079	0.36024844720496896	0.06666666666666643	0.7777777777777786	0.5999999999999996	0.09523809523809579	0.0	4
0.27731092436974825	0.4054054054054035	0.2987012987012987	0.07692307692307665	0.08421052631578929	1.0	0.07042253521126751	0.10218978102189791	0.36024844720496896	0.05555555555555536	0.7777777777777786	0.5999999999999996	0.04761904761904834	0.0	4
0.34453781512605053	0.4054054054054035	0.2662337662337664	0.0512820512820511	0.08421052631578929	1.0	0.07042253521126751	0.2846715328467153	0.36024844720496896	0.05555555555555536	0.8333333333333339	0.5999999999999996	0.09523809523809579	0.0	4
0.26890756302521	0.4054054054054035	0.24675324675324672	0.02564102564102555	0.07368421052631557	1.0	0.08450704225352101	0.2043795620437956	0.36024844720496896	0.05555555555555536	0.8333333333333339	0.5600000000000005	0.09523809523809579	0.008474576271186446	4
0.26050420168067223	0.3783783783783754	0.24025974025974017	0.017094017094017033	0.07368421052631557	1.0	0.07042253521126751	0.3138686131386861	0.35403726708074545	0.05555555555555536	0.7777777777777786	0.5600000000000005	0.11904761904761951	0.008474576271186446	4
0.24369747899159666	0.35135135135135087	0.24025974025974017	0.017094017094017033	0.06315789473684186	1.0	0.07042253521126751	0.2189781021897812	0.35403726708074545	0.05555555555555536	0.7777777777777786	0.5999999999999996	0.09523809523809579	0.0	4
0.24369747899159666	0.35135135135135087	0.23376623376623362	0.02564102564102555	0.06315789473684186	1.0	0.08450704225352101	0.42335766423357657	0.35403726708074545	0.05555555555555536	0.7777777777777786	0.5999999999999996	0.09523809523809579	0.0	4
0.25210084033613445	0.3243243243243228	0.23376623376623362	0.03418803418803407	0.07368421052631557	1.0	0.08450704225352101	0.8978102189781023	0.35403726708074545	0.05555555555555536	0.7777777777777786	0.5999999999999996	0.11904761904761951	0.0	4
0.24369747899159666	0.3243243243243228	0.23376623376623362	0.02564102564102555	0.07368421052631557	1.0	0.08450704225352101	0.802919708029197	0.34782608695652173	0.06666666666666643	0.7222222222222232	0.5999999999999996	0.11904761904761951	0.0	4
0.24369747899159666	0.3243243243243228	0.24025974025974017	0.02564102564102555	0.07368421052631557	1.0	0.08450704225352101	0.8759124087591241	0.34782608695652173	0.05555555555555536	0.7222222222222232	0.5999999999999996	0.11904761904761951	0.0	4
0.2268907563025211	0.35135135135135087	0.24675324675324672	0.04273504273504258	0.06315789473684186	1.0	0.05633802816901401	0.33576642335766427	0.34782608695652173	0.05555555555555536	0.7222222222222232	0.5999999999999996	0.09523809523809579	0.0	4
0.2184873949579833	0.35135135135135087	0.24025974025974017	0.03418803418803407	0.07368421052631557	1.0	0.05633802816901401	0.3138686131386861	0.34782608695652173	0.04444444444444429	0.7777777777777786	0.5999999999999996	0.11904761904761951	0.0	4
0.21008403361344552	0.35135135135135087	0.23376623376623362	0.04273504273504258	0.07368421052631557	1.0	0.07042253521126751	0.3065693430656935	0.34782608695652173	0.04444444444444429	0.7222222222222232	0.5600000000000005	0.09523809523809579	0.0	4
0.24369747899159666	0.3243243243243228	0.22727272727272751	0.03418803418803407	0.06315789473684186	1.0	0.07042253521126751	0.4744525547445255	0.34782608695652173	0.04444444444444429	0.7222222222222232	0.5600000000000005	0.11904761904761951	0.008474576271186446	4
0.2184873949579833	0.3243243243243228	0.22727272727272751	0.02564102564102555	0.05263157894736814	0.0	0.08450704225352101	0.4744525547445255	0.34782608695652173	0.04444444444444429	0.7222222222222232	0.5600000000000005	0.11904761904761951	0.008474576271186446	4
0.21008403361344552	0.3243243243243228	0.23376623376623362	0.017094017094017033	0.042105263157894424	1.0	0.07042253521126751	0.4744525547445255	0.34782608695652173	0.04444444444444429	0.7222222222222232	0.5600000000000005	0.11904761904761951	0.008474576271186446	4
0.21008403361344552	0.3243243243243228	0.23376623376623362	0.017094017094017033	0.042105263157894424	1.0	0.07042253521126751	0.3941605839416058	0.34782608695652173	0.04444444444444429	0.7777777777777786	0.5999999999999996	0.11904761904761951	0.008474576271186446	4
0.20168067226890773	0.3243243243243228	0.24025974025974017	0.02564102564102555	0.05263157894736814	1.0	0.07042253521126751	0.44525547445255476	0.3416149068322982	0.04444444444444429	0.7777777777777786	0.5999999999999996	0.11904761904761951	0.008474576271186446	4
0.24369747899159666	0.3243243243243228	0.23376623376623362	0.02564102564102555	0.06315789473684186	1.0	0.05633802816901401	0.27737226277372273	0.34782608695652173	0.05555555555555536	0.7777777777777786	0.6400000000000006	0.09523809523809579	0.008474576271186446	4
0.2268907563025211	0.3243243243243228	0.22077922077922096	0.0	0.05263157894736814	1.0	0.05633802816901401	0.5255474452554745	0.34782608695652173	0.04444444444444429	0.8333333333333339	0.6400000000000006	0.09523809523809579	0.008474576271186446	4
0.46218487394957997	0.3243243243243228	0.22077922077922096	0.0512820512820511	0.05263157894736814	1.0	0.04225352112676051	0.2846715328467153	0.35403726708074545	0.04444444444444429	0.8333333333333339	0.5999999999999996	0.16666666666666696	0.008474576271186446	4
0.38655462184873945	0.3243243243243228	0.22727272727272751	0.04273504273504258	0.042105263157894424	1.0	0.04225352112676051	0.32116788321167866	0.36024844720496896	0.04444444444444429	0.8333333333333339	0.5999999999999996	0.16666666666666696	0.008474576271186446	4
0.3697478991596639	0.2972972972972947	0.22727272727272751	0.07692307692307665	0.042105263157894424	0.0	0.05633802816901401	0.24087591240875894	0.36024844720496896	0.04444444444444429	0.7777777777777786	0.5999999999999996	0.14285714285714324	0.008474576271186446	4
0.3697478991596639	0.2972972972972947	0.22727272727272751	0.1025641025641022	0.042105263157894424	1.0	0.05633802816901401	0.24817518248175197	0.36024844720496896	0.04444444444444429	0.7777777777777786	0.5600000000000005	0.14285714285714324	0.008474576271186446	4
0.3697478991596639	0.2972972972972947	0.24025974025974017	0.13675213675213627	0.05263157894736814	1.0	0.05633802816901401	0.06569343065693434	0.35403726708074545	0.033333333333333215	0.7777777777777786	0.5600000000000005	0.14285714285714324	0.008474576271186446	4
0.3529411764705883	0.2972972972972947	0.2662337662337664	0.13675213675213627	0.05263157894736814	1.0	0.05633802816901401	0.058394160583941535	0.35403726708074545	0.022222222222222143	0.7777777777777786	0.5600000000000005	0.14285714285714324	0.008474576271186446	4
0.32773109243697496	0.2972972972972947	0.2597402597402598	0.13675213675213627	0.05263157894736814	1.0	0.05633802816901401	0.06569343065693434	0.35403726708074545	0.033333333333333215	0.7777777777777786	0.5600000000000005	0.14285714285714324	0.008474576271186446	4
0.33613445378151274	0.2972972972972947	0.2662337662337664	0.14529914529914478	0.05263157894736814	1.0	0.04225352112676051	0.058394160583941535	0.35403726708074545	0.022222222222222143	0.7777777777777786	0.5600000000000005	0.16666666666666696	0.008474576271186446	4
0.32773109243697496	0.2972972972972947	0.2662337662337664	0.13675213675213627	0.05263157894736814	1.0	0.04225352112676051	0.4014598540145984	0.34782608695652173	0.022222222222222143	0.7777777777777786	0.5600000000000005	0.14285714285714324	0.008474576271186446	4
0.3193277310924372	0.2972972972972947	0.24675324675324672	0.13675213675213627	0.05263157894736814	1.0	0.04225352112676051	0.3065693430656935	0.34782608695652173	0.04444444444444429	0.7777777777777786	0.5600000000000005	0.14285714285714324	0.008474576271186446	4
0.40336134453781547	0.2972972972972947	0.24025974025974017	0.11111111111111072	0.05263157894736814	1.0	0.04225352112676051	0.33576642335766427	0.3416149068322982	0.033333333333333215	0.7777777777777786	0.5600000000000005	0.14285714285714324	0.008474576271186446	4
0.39495798319327724	0.2972972972972947	0.23376623376623362	0.11111111111111072	0.05263157894736814	1.0	0.028169014084507005	0.08029197080291972	0.3416149068322982	0.04444444444444429	0.7777777777777786	0.5600000000000005	0.14285714285714324	0.008474576271186446	4
0.41176470588235325	0.35135135135135087	0.23376623376623362	0.14529914529914478	0.07368421052631557	1.0	0.028169014084507005	0.2043795620437956	0.3416149068322982	0.04444444444444429	0.7777777777777786	0.5600000000000005	0.14285714285714324	0.008474576271186446	4
0.40336134453781547	0.2972972972972947	0.23376623376623362	0.11965811965811923	0.06315789473684186	1.0	0.028169014084507005	0.2627737226277371	0.3416149068322982	0.033333333333333215	0.8333333333333339	0.5600000000000005	0.14285714285714324	0.008474576271186446	4
0.46218487394957997	0.3243243243243228	0.2532467532467533	0.11965811965811923	0.05263157894736814	1.0	0.028169014084507005	0.1897810218978102	0.3416149068322982	0.022222222222222143	0.8333333333333339	0.5600000000000005	0.2142857142857144	0.008474576271186446	4
0.46218487394957997	0.3243243243243228	0.36363636363636376	0.1025641025641022	0.05263157894736814	1.0	0.04225352112676051	0.16788321167883224	0.34782608695652173	0.033333333333333215	0.7777777777777786	0.5600000000000005	0.2142857142857144	0.008474576271186446	4
0.4873949579831933	0.2972972972972947	0.3441558441558441	0.17948717948717885	0.07368421052631557	1.0	0.05633802816901401	0.44525547445255476	0.3354037267080745	0.033333333333333215	0.7777777777777786	0.5600000000000005	0.26190476190476186	0.008474576271186446	4
0.47058823529411775	0.3243243243243228	0.2987012987012987	0.17948717948717885	0.07368421052631557	1.0	0.04225352112676051	0.2627737226277371	0.3416149068322982	0.033333333333333215	0.7777777777777786	0.5600000000000005	0.2857142857142865	0.06779661016949151	4
0.46218487394957997	0.3243243243243228	0.3116883116883118	0.14529914529914478	0.07368421052631557	0.0	0.05633802816901401	0.3065693430656935	0.3416149068322982	0.033333333333333215	0.8333333333333339	0.5600000000000005	0.2857142857142865	0.5593220338983051	4
0.47899159663865554	0.3243243243243228	0.2792207792207795	0.13675213675213627	0.06315789473684186	1.0	0.05633802816901401	0.36496350364963503	0.3416149068322982	0.022222222222222143	0.7777777777777786	0.5600000000000005	0.26190476190476186	0.49999999999999994	4
0.47058823529411775	0.3243243243243228	0.24675324675324672	0.12820512820512775	0.06315789473684186	1.0	0.05633802816901401	0.3065693430656935	0.329192546583851	0.033333333333333215	0.7777777777777786	0.5600000000000005	0.2857142857142865	0.5847457627118644	4
0.4537815126050422	0.3243243243243228	0.24025974025974017	0.11965811965811923	0.05263157894736814	1.0	0.04225352112676051	0.24087591240875894	0.329192546583851	0.04444444444444429	0.8333333333333339	0.5600000000000005	0.2857142857142865	0.576271186440678	4
0.46218487394957997	0.35135135135135087	0.24025974025974017	0.11111111111111072	0.05263157894736814	1.0	0.028169014084507005	0.2992700729927009	0.3229813664596273	0.033333333333333215	0.8333333333333339	0.8800000000000008	0.35714285714285765	0.5847457627118644	4
0.4537815126050422	0.35135135135135087	0.23376623376623362	0.1025641025641022	0.05263157894736814	0.0	0.014084507042253502	0.1897810218978102	0.31677018633540377	0.033333333333333215	0.8333333333333339	0.5600000000000005	0.3095238095238102	0.5423728813559321	4
0.4873949579831933	0.3243243243243228	0.22077922077922096	0.09401709401709368	0.05263157894736814	1.0	0.028169014084507005	0.21167883211678817	0.31677018633540377	0.033333333333333215	0.8333333333333339	0.4399999999999995	0.23809523809523814	0.5423728813559321	4
0.4957983193277311	0.3243243243243228	0.2142857142857144	0.08547008547008517	0.042105263157894424	1.0	0.028169014084507005	0.27007299270073015	0.3229813664596273	0.033333333333333215	0.7777777777777786	0.35999999999999943	0.23809523809523814	0.6016949152542372	4
0.4537815126050422	0.35135135135135087	0.20779220779220786	0.07692307692307665	0.03157894736842071	1.0	0.04225352112676051	0.021897810218978186	0.3229813664596273	0.04444444444444429	0.8333333333333339	0.35999999999999943	0.2142857142857144	0.5593220338983051	4
0.4537815126050422	0.35135135135135087	0.2012987012987013	0.0512820512820511	0.03157894736842071	0.0	0.028169014084507005	0.021897810218978186	0.3229813664596273	0.04444444444444429	0.8888888888888893	0.3200000000000003	0.2142857142857144	0.576271186440678	4
0.5042016806722689	0.3783783783783754	0.19480519480519476	0.0512820512820511	0.02105263157894699	1.0	0.05633802816901401	0.014598540145985384	0.3229813664596273	0.04444444444444429	0.8333333333333339	0.35999999999999943	0.23809523809523814	0.5677966101694916	4
0.47899159663865554	0.35135135135135087	0.19480519480519476	0.04273504273504258	0.02105263157894699	1.0	0.05633802816901401	0.03649635036496357	0.3229813664596273	0.033333333333333215	0.8333333333333339	0.35999999999999943	0.23809523809523814	0.5508474576271187	4
0.47899159663865554	0.35135135135135087	0.1883116883116882	0.04273504273504258	0.010526315789473717	1.0	0.05633802816901401	0.1897810218978102	0.3229813664596273	0.04444444444444429	0.8333333333333339	0.3200000000000003	0.2142857142857144	0.5932203389830508	4
0.47899159663865554	0.35135135135135087	0.1883116883116882	0.04273504273504258	0.010526315789473717	1.0	0.05633802816901401	0.23357664233576636	0.3229813664596273	0.04444444444444429	0.8888888888888893	0.3200000000000003	0.2142857142857144	0.008474576271186446	4
0.47058823529411775	0.35135135135135087	0.1883116883116882	0.0512820512820511	0.02105263157894699	1.0	0.05633802816901401	0.18248175182481763	0.31677018633540377	0.04444444444444429	0.8333333333333339	0.3200000000000003	0.23809523809523814	0.008474576271186446	4
0.4537815126050422	0.35135135135135087	0.18181818181818166	0.04273504273504258	0.02105263157894699	1.0	0.04225352112676051	0.16058394160583944	0.31677018633540377	0.033333333333333215	0.8333333333333339	0.3200000000000003	0.23809523809523814	0.008474576271186446	4
0.47899159663865554	0.35135135135135087	0.18181818181818166	0.04273504273504258	0.03157894736842071	1.0	0.04225352112676051	0.16058394160583944	0.31677018633540377	0.022222222222222143	0.8333333333333339	0.35999999999999943	0.2142857142857144	0.008474576271186446	4
0.4453781512605044	0.35135135135135087	0.17532467532467555	0.04273504273504258	0.03157894736842071	1.0	0.05633802816901401	0.21167883211678817	0.31677018633540377	0.022222222222222143	0.8333333333333339	0.35999999999999943	0.2142857142857144	0.008474576271186446	4
0.4285714285714288	0.35135135135135087	0.168831168831169	0.04273504273504258	0.03157894736842071	1.0	0.04225352112676051	0.197080291970803	0.31055900621118004	0.022222222222222143	0.8333333333333339	0.4399999999999995	0.2142857142857144	0.008474576271186446	4
0.4285714285714288	0.35135135135135087	0.17532467532467555	0.03418803418803407	0.03157894736842071	1.0	0.04225352112676051	0.2189781021897812	0.31055900621118004	0.022222222222222143	0.8333333333333339	0.5199999999999996	0.23809523809523814	0.008474576271186446	4
0.42016806722689104	0.35135135135135087	0.17532467532467555	0.03418803418803407	0.02105263157894699	1.0	0.04225352112676051	0.2043795620437956	0.31055900621118004	0.022222222222222143	0.8333333333333339	0.5199999999999996	0.2142857142857144	0.008474576271186446	4
0.42016806722689104	0.35135135135135087	0.17532467532467555	0.03418803418803407	0.03157894736842071	1.0	0.04225352112676051	0.17518248175182483	0.31055900621118004	0.011111111111111072	0.8333333333333339	0.5199999999999996	0.2142857142857144	0.008474576271186446	4
0.42016806722689104	0.35135135135135087	0.16233766233766245	0.04273504273504258	0.02105263157894699	1.0	0.04225352112676051	0.16058394160583944	0.31055900621118004	0.011111111111111072	0.8333333333333339	0.5199999999999996	0.2142857142857144	0.008474576271186446	4
0.42016806722689104	0.35135135135135087	0.16233766233766245	0.04273504273504258	0.02105263157894699	1.0	0.05633802816901401	0.15328467153284664	0.30434782608695654	0.0	0.8333333333333339	0.5199999999999996	0.2142857142857144	0.008474576271186446	4
0.40336134453781547	0.35135135135135087	0.1558441558441559	0.03418803418803407	0.010526315789473717	1.0	0.04225352112676051	0.2627737226277371	0.30434782608695654	0.0	0.8888888888888893	0.5199999999999996	0.2142857142857144	0.008474576271186446	4
0.39495798319327724	0.35135135135135087	0.1558441558441559	0.02564102564102555	0.010526315789473717	1.0	0.05633802816901401	0.021897810218978186	0.30434782608695654	0.0	0.8888888888888893	0.4800000000000004	0.2142857142857144	0.008474576271186446	4
0.39495798319327724	0.3243243243243228	0.1558441558441559	0.03418803418803407	0.0	1.0	0.05633802816901401	0.0948905109489051	0.31055900621118004	0.0	0.8888888888888893	0.5199999999999996	0.2142857142857144	0.008474576271186446	4
0.39495798319327724	0.3783783783783754	0.19480519480519476	0.11111111111111072	0.1789473684210523	1.0	0.07042253521126751	0.32116788321167866	0.39751552795031064	0.011111111111111072	0.8888888888888893	0.4800000000000004	0.9761904761904763	0.008474576271186446	4
0.3529411764705883	0.3783783783783754	0.18181818181818166	0.07692307692307665	0.11578947368421044	1.0	0.05633802816901401	0.18248175182481763	0.40993788819875787	0.0	0.8333333333333339	0.5199999999999996	0.9761904761904763	0.008474576271186446	4
0.3697478991596639	0.3783783783783754	0.17532467532467555	0.059829059829059617	0.08421052631578929	1.0	0.04225352112676051	0.18248175182481763	0.3913043478260869	0.0	0.8333333333333339	0.4800000000000004	0.9761904761904763	0.008474576271186446	4
0.4369747899159666	0.3783783783783754	0.2792207792207795	0.06837606837606813	0.05263157894736814	1.0	0.04225352112676051	0.18248175182481763	0.3850931677018634	0.022222222222222143	0.8333333333333339	0.4800000000000004	0.9761904761904763	0.771186440677966	4
0.554621848739496	0.3783783783783754	0.36363636363636376	0.1025641025641022	0.16842105263157858	1.0	0.028169014084507005	0.10948905109489049	0.3913043478260869	0.04444444444444429	0.8333333333333339	0.4399999999999995	0.9761904761904763	0.5508474576271187	4
0.6050420168067228	0.35135135135135087	0.43506493506493493	0.07692307692307665	0.1578947368421053	1.0	0.028169014084507005	0.16788321167883224	0.3913043478260869	0.05555555555555536	0.8333333333333339	0.4800000000000004	0.35714285714285765	0.46610169491525427	4
0.5882352941176472	0.4054054054054035	0.4025974025974026	0.12820512820512775	0.1578947368421053	1.0	0.05633802816901401	0.16788321167883224	0.3913043478260869	0.06666666666666643	0.8333333333333339	0.4800000000000004	0.23809523809523814	0.5338983050847457	4
0.5042016806722689	1.0	0.5844155844155843	0.7606837606837606	0.42105263157894735	1.0	0.5774647887323945	0.08759124087591252	0.515527950310559	0.22222222222222232	0.8333333333333339	0.4800000000000004	0.23809523809523814	0.5338983050847457	4
0.6386554621848739	0.7567567567567544	0.616883116883117	0.6752136752136746	0.36842105263157876	1.0	0.5774647887323945	0.3503649635036499	0.5279503105590062	0.6333333333333329	0.6666666666666661	0.4800000000000004	0.2142857142857144	0.3559322033898305	4
0.5210084033613445	0.6756756756756737	0.5194805194805197	0.8888888888888884	0.2947368421052632	1.0	0.6197183098591545	0.3065693430656935	0.4347826086956521	0.47777777777777786	0.2222222222222232	0.4800000000000004	0.1904761904761907	0.17796610169491522	4
0.47058823529411775	0.5675675675675649	0.47402597402597424	0.5897435897435894	0.21052631578947345	1.0	0.5915492957746475	0.14598540145985406	0.3726708074534162	0.4111111111111114	0.11111111111111072	0.4800000000000004	0.1904761904761907	0.4915254237288135	4
0.4537815126050422	0.5135135135135123	0.47402597402597424	0.6752136752136746	0.19999999999999973	1.0	0.6197183098591545	0.16058394160583944	0.3850931677018634	0.3777777777777773	0.16666666666666607	0.4800000000000004	0.16666666666666696	0.42372881355932207	4
0.39495798319327724	0.621621621621621	0.39610389610389607	0.632478632478632	0.18947368421052602	1.0	0.5915492957746475	0.14598540145985406	0.35403726708074545	0.3777777777777773	0.27777777777777857	0.4800000000000004	0.16666666666666696	0.2711864406779661	4
0.40336134453781547	0.594594594594593	0.37662337662337686	0.5555555555555554	0.1789473684210523	1.0	0.6056338028169015	0.33576642335766427	0.3229813664596273	0.3888888888888884	0.2222222222222232	0.4800000000000004	0.14285714285714324	0.11016949152542371	4
0.37815126050420167	0.621621621621621	0.33766233766233755	0.5811965811965809	0.2421052631578946	1.0	0.49295774647887347	0.3503649635036499	0.2919254658385093	0.2999999999999998	0.27777777777777857	0.4800000000000004	0.14285714285714324	0.11864406779661019	4
0.34453781512605053	0.621621621621621	0.3116883116883118	0.5042735042735043	0.21052631578947345	1.0	0.46478873239436647	0.35766423357664245	0.2857142857142858	0.25555555555555554	0.2222222222222232	0.4800000000000004	0.14285714285714324	0.09322033898305085	4
0.3193277310924372	0.594594594594593	0.29220779220779214	0.49572649572649574	0.19999999999999973	1.0	0.4225352112676055	0.2919708029197079	0.26708074534161486	0.22222222222222232	0.16666666666666607	0.4800000000000004	0.14285714285714324	0.1016949152542373	4
0.27731092436974825	0.621621621621621	0.27272727272727293	0.4700854700854702	0.1789473684210523	0.0	0.38028169014084545	0.35766423357664245	0.2546583850931676	0.22222222222222232	0.16666666666666607	0.4800000000000004	0.14285714285714324	0.11864406779661019	4
0.26890756302521	0.621621621621621	0.2987012987012987	0.45299145299145316	0.16842105263157858	1.0	0.35211267605633756	0.06569343065693434	0.2360248447204969	0.21111111111111125	0.11111111111111072	0.4800000000000004	0.14285714285714324	0.3644067796610169	4
0.24369747899159666	0.7027027027027017	0.2597402597402598	0.3760683760683756	0.1578947368421053	1.0	0.3380281690140845	0.051094890510948954	0.2298136645962734	0.20000000000000018	0.11111111111111072	0.4800000000000004	0.11904761904761951	0.2711864406779661	4
0.26050420168067223	0.6756756756756737	0.24025974025974017	0.35042735042735007	0.1473684210526316	1.0	0.35211267605633756	0.08759124087591252	0.2298136645962734	0.2333333333333334	0.11111111111111072	0.4800000000000004	0.11904761904761951	0.2542372881355932	4
0.41176470588235325	0.8648648648648631	0.24675324675324672	0.5299145299145298	0.22105263157894717	1.0	0.43661971830985946	1.0000000000000002	0.2919254658385093	0.3111111111111109	0.0	0.4800000000000004	0.11904761904761951	0.2457627118644068	4
0.37815126050420167	0.9189189189189158	0.2597402597402598	0.6239316239316235	0.18947368421052602	1.0	0.3661971830985915	0.6423357664233575	0.2546583850931676	0.28888888888888875	0.16666666666666607	0.4800000000000004	0.11904761904761951	0.4406779661016949	4
0.38655462184873945	0.7027027027027017	0.27272727272727293	0.5128205128205128	0.1789473684210523	0.0	0.3380281690140845	0.14598540145985406	0.21118012422360244	0.21111111111111125	0.11111111111111072	0.4800000000000004	0.14285714285714324	0.0847457627118644	4
0.3697478991596639	0.6756756756756737	0.38311688311688297	0.4273504273504267	0.12631578947368416	1.0	0.3380281690140845	0.13868613138686126	0.2298136645962734	0.2777777777777777	0.11111111111111072	0.4800000000000004	0.1904761904761907	0.06779661016949151	4
0.5294117647058827	0.5135135135135123	0.6038961038961039	0.5555555555555554	0.22105263157894717	1.0	0.4507042253521125	0.6861313868613139	0.26708074534161486	0.6111111111111107	0.2222222222222232	0.4800000000000004	0.14285714285714324	0.05932203389830509	4
0.5462184873949583	0.4594594594594561	0.5714285714285716	0.8376068376068373	0.16842105263157858	1.0	0.5211267605633805	0.2043795620437956	0.3229813664596273	0.5111111111111111	0.6111111111111107	0.4800000000000004	0.07142857142857206	0.05932203389830509	4
0.5798319327731094	0.4054054054054035	0.4805194805194808	0.8717948717948714	0.3894736842105262	1.0	0.4788732394366195	0.5182481751824819	0.31677018633540377	0.3444444444444441	0.7777777777777786	0.4800000000000004	0.1904761904761907	0.0847457627118644	4
0.4957983193277311	0.4594594594594561	0.4415584415584415	0.9401709401709404	0.42105263157894735	1.0	0.5774647887323945	0.2627737226277371	0.2298136645962734	0.36666666666666625	0.7777777777777786	0.4800000000000004	0.3095238095238102	0.4067796610169491	4
0.38655462184873945	0.43243243243243157	0.3701298701298703	0.6923076923076916	0.27368421052631575	1.0	0.4507042253521125	0.22627737226277378	0.18012422360248448	0.3888888888888884	0.7222222222222232	0.4800000000000004	0.3095238095238102	0.05084745762711865	4
0.33613445378151274	0.4054054054054035	0.31818181818181834	0.5811965811965809	0.19999999999999973	1.0	0.40845070422535246	0.18248175182481763	0.16770186335403725	0.36666666666666625	0.7222222222222232	0.4800000000000004	0.26190476190476186	0.0423728813559322	4
0.3697478991596639	0.2972972972972947	0.31818181818181834	0.7094017094017095	0.21052631578947345	1.0	0.40845070422535246	0.16058394160583944	0.16149068322981375	0.36666666666666625	0.6111111111111107	0.4800000000000004	0.23809523809523814	0.05084745762711865	4
0.3529411764705883	0.2432432432432421	0.31818181818181834	0.8205128205128203	0.27368421052631575	1.0	0.40845070422535246	0.12408759124087587	0.1428571428571428	0.43333333333333357	0.6666666666666661	0.4800000000000004	0.2142857142857144	0.05084745762711865	4
0.2941176470588238	0.216216216216214	0.3246753246753249	0.8461538461538458	0.21052631578947345	1.0	0.4225352112676055	0.10948905109489049	0.1304347826086958	0.4555555555555557	0.7777777777777786	0.4800000000000004	0.2142857142857144	0.1694915254237288	4
0.3193277310924372	0.10810810810810523	0.33766233766233755	0.8376068376068373	0.16842105263157858	1.0	0.38028169014084545	0.10948905109489049	0.1366459627329193	0.48888888888888893	0.6666666666666661	0.4800000000000004	0.2142857142857144	0.09322033898305085	4
0.26890756302521	0.10810810810810523	0.29220779220779214	0.649572649572649	0.1789473684210523	1.0	0.29577464788732355	0.0948905109489051	0.11180124223602483	0.43333333333333357	0.6111111111111107	0.4800000000000004	0.2142857142857144	0.1271186440677966	4
0.19327731092436995	0.0810810810810807	0.2662337662337664	0.5128205128205128	0.1473684210526316	1.0	0.2535211267605635	0.08759124087591252	0.0931677018633541	0.36666666666666625	0.6111111111111107	0.4800000000000004	0.2142857142857144	0.15254237288135591	4
0.19327731092436995	0.0810810810810807	0.2597402597402598	0.5299145299145298	0.12631578947368416	1.0	0.22535211267605648	0.25547445255474455	0.0993788819875776	0.32222222222222197	0.6111111111111107	0.4800000000000004	0.2142857142857144	0.23728813559322032	4
0.2941176470588238	0.0810810810810807	0.23376623376623362	0.649572649572649	0.1473684210526316	1.0	0.23943661971830954	0.24087591240875894	0.1428571428571428	0.2777777777777777	0.6111111111111107	0.4800000000000004	0.23809523809523814	0.05084745762711865	4
0.2941176470588238	0.0810810810810807	0.20779220779220786	0.5897435897435894	0.1473684210526316	1.0	0.21126760563380254	0.3065693430656935	0.14906832298136652	0.25555555555555554	0.5555555555555554	0.4800000000000004	0.23809523809523814	0.05084745762711865	4
0.18487394957983216	0.02702702702702453	0.2012987012987013	0.4273504273504267	0.09473684210526301	1.0	0.16901408450704247	0.22627737226277378	0.11801242236024856	0.22222222222222232	0.5	0.4800000000000004	0.2142857142857144	0.0423728813559322	4
0.1596638655462188	0.02702702702702453	0.1883116883116882	0.316239316239316	0.07368421052631557	1.0	0.15492957746478853	0.27737226277372273	0.10559006211180133	0.21111111111111125	0.5555555555555554	0.4800000000000004	0.1904761904761907	0.0423728813559322	4
0.12605042016806722	0.054054054054052614	0.18181818181818166	0.2649572649572649	0.05263157894736814	1.0	0.14084507042253547	0.16788321167883224	0.10559006211180133	0.20000000000000018	0.5555555555555554	0.4800000000000004	0.2142857142857144	0.0423728813559322	4
0.3529411764705883	0.10810810810810523	0.18181818181818166	0.5470085470085468	0.1789473684210523	1.0	0.14084507042253547	0.3065693430656935	0.11801242236024856	0.1888888888888891	0.5	0.4800000000000004	0.1904761904761907	0.0423728813559322	4
0.33613445378151274	0.1351351351351333	0.168831168831169	0.5213675213675213	0.1789473684210523	1.0	0.12676056338028152	0.3284671532846717	0.12422360248447206	0.17777777777777803	0.5555555555555554	0.4800000000000004	0.1904761904761907	0.0423728813559322	4
0.23529411764705888	0.1351351351351333	0.1558441558441559	0.44444444444444375	0.1473684210526316	1.0	0.11267605633802846	0.33576642335766427	0.10559006211180133	0.17777777777777803	0.5	0.4800000000000004	0.16666666666666696	0.0423728813559322	4
0.2268907563025211	0.1351351351351333	0.2012987012987013	0.3675213675213671	0.12631578947368416	1.0	0.09859154929577452	0.3722627737226276	0.0993788819875776	0.1555555555555559	0.5	0.4800000000000004	0.1904761904761907	0.0423728813559322	4
0.18487394957983216	0.1351351351351333	0.16233766233766245	0.35042735042735007	0.10526315789473673	1.0	0.09859154929577452	0.33576642335766427	0.0931677018633541	0.14444444444444393	0.5	0.4800000000000004	0.16666666666666696	0.033898305084745756	4
0.1680672268907566	0.1621621621621614	0.18181818181818166	0.3247863247863245	0.09473684210526301	1.0	0.08450704225352101	0.34306569343065685	0.11180124223602483	0.13333333333333286	0.5555555555555554	0.4800000000000004	0.1904761904761907	0.033898305084745756	4
0.20168067226890773	0.1351351351351333	0.2597402597402598	0.3076923076923075	0.08421052631578929	1.0	0.08450704225352101	0.4014598540145984	0.11180124223602483	0.13333333333333286	0.5555555555555554	0.5199999999999996	0.1904761904761907	0.033898305084745756	4
0.17647058823529438	0.18918918918918592	0.20779220779220786	0.28205128205128194	0.08421052631578929	0.0	0.07042253521126751	0.22627737226277378	0.0931677018633541	0.12222222222222179	0.5555555555555554	0.5199999999999996	0.2142857142857144	0.0423728813559322	4
0.2184873949579833	0.1351351351351333	0.19480519480519476	0.28205128205128194	0.09473684210526301	1.0	0.07042253521126751	0.34306569343065685	0.11180124223602483	0.11111111111111072	0.5555555555555554	0.5199999999999996	0.2857142857142865	0.06779661016949151	4
0.20168067226890773	0.1621621621621614	0.1883116883116882	0.29059829059829045	0.09473684210526301	0.0	0.08450704225352101	0.3138686131386861	0.1304347826086958	0.11111111111111072	0.5	0.4800000000000004	0.23809523809523814	0.0423728813559322	4
0.4453781512605044	0.216216216216214	0.24675324675324672	0.2735042735042734	0.1473684210526316	1.0	0.09859154929577452	0.4087591240875914	0.0993788819875776	0.11111111111111072	0.5	0.4800000000000004	0.3095238095238102	0.11864406779661019	4
0.26050420168067223	0.18918918918918592	0.37662337662337686	0.33333333333333304	0.19999999999999973	1.0	0.07042253521126751	0.3941605839416058	0.07453416149068337	0.13333333333333286	0.5	0.4800000000000004	0.23809523809523814	0.0847457627118644	4
0.21008403361344552	0.18918918918918592	0.2857142857142856	0.3076923076923075	0.18947368421052602	1.0	0.05633802816901401	0.4087591240875914	0.06211180124223614	0.12222222222222179	0.44444444444444464	0.4800000000000004	0.2142857142857144	0.05084745762711865	4
0.18487394957983216	0.18918918918918592	0.22077922077922096	0.29914529914529897	0.16842105263157858	1.0	0.04225352112676051	0.42335766423357657	0.049689440993788914	0.12222222222222179	0.44444444444444464	0.4800000000000004	0.1904761904761907	0.05084745762711865	4
0.18487394957983216	0.18918918918918592	0.168831168831169	0.2735042735042734	0.1473684210526316	0.0	0.04225352112676051	0.3868613138686132	0.04347826086956519	0.13333333333333286	0.5	0.4800000000000004	0.1904761904761907	0.0423728813559322	4
0.15126050420168102	0.18918918918918592	0.12337662337662358	0.2564102564102564	0.12631578947368416	1.0	0.028169014084507005	0.3503649635036499	0.037267080745341685	0.13333333333333286	0.44444444444444464	0.4800000000000004	0.16666666666666696	0.0423728813559322	4
0.11764705882352944	0.1621621621621614	0.11038961038961048	0.23076923076923084	0.11578947368421044	1.0	0.028169014084507005	0.35766423357664245	0.037267080745341685	0.13333333333333286	0.5555555555555554	0.4800000000000004	0.16666666666666696	0.0423728813559322	4
0.10084033613445387	0.216216216216214	0.09740259740259738	0.23931623931623935	0.09473684210526301	1.0	0.028169014084507005	0.37956204379562064	0.03105590062111796	0.12222222222222179	0.5	0.4800000000000004	0.14285714285714324	0.0423728813559322	4
0.0840336134453783	0.1621621621621614	0.09090909090909083	0.23076923076923084	0.08421052631578929	1.0	0.028169014084507005	0.36496350364963503	0.024844720496894457	0.11111111111111072	0.5	0.4800000000000004	0.14285714285714324	0.0423728813559322	4
0.06722689075630273	0.1621621621621614	0.08441558441558428	0.22222222222222232	0.07368421052631557	1.0	0.04225352112676051	0.4087591240875914	0.03105590062111796	0.11111111111111072	0.5	0.4800000000000004	0.14285714285714324	0.0423728813559322	4
0.06722689075630273	0.1621621621621614	0.07142857142857162	0.22222222222222232	0.07368421052631557	1.0	0.04225352112676051	0.4014598540145984	0.024844720496894457	0.09999999999999964	0.5	0.4800000000000004	0.11904761904761951	0.0423728813559322	4
0.07563025210084051	0.18918918918918592	0.07142857142857162	0.2564102564102564	0.06315789473684186	1.0	0.07042253521126751	0.3138686131386861	0.024844720496894457	0.09999999999999964	0.5555555555555554	0.4800000000000004	0.11904761904761951	0.0423728813559322	4
0.06722689075630273	0.18918918918918592	0.05844155844155852	0.23076923076923084	0.07368421052631557	1.0	0.05633802816901401	0.416058394160584	0.024844720496894457	0.08888888888888857	0.5	0.4800000000000004	0.11904761904761951	0.0423728813559322	4
0.050420168067227156	0.1621621621621614	0.06493506493506507	0.24786324786324787	0.07368421052631557	1.0	0.04225352112676051	0.36496350364963503	0.018633540372670954	0.08888888888888857	0.5555555555555554	0.4800000000000004	0.11904761904761951	0.0423728813559322	4
0.033613445378151585	0.1621621621621614	0.05844155844155852	0.24786324786324787	0.06315789473684186	1.0	0.04225352112676051	0.35766423357664245	0.018633540372670954	0.09999999999999964	0.5	0.4800000000000004	0.11904761904761951	0.033898305084745756	4
0.033613445378151585	0.1621621621621614	0.05844155844155852	0.24786324786324787	0.06315789473684186	1.0	0.04225352112676051	0.4014598540145984	0.018633540372670954	0.08888888888888857	0.44444444444444464	0.4800000000000004	0.11904761904761951	0.033898305084745756	4
0.033613445378151585	0.1621621621621614	0.051948051948051965	0.2649572649572649	0.07368421052631557	1.0	0.04225352112676051	0.3941605839416058	0.018633540372670954	0.0777777777777775	0.44444444444444464	0.4800000000000004	0.11904761904761951	0.0423728813559322	4
0.04201680672268937	0.1621621621621614	0.045454545454545414	0.2564102564102564	0.06315789473684186	1.0	0.028169014084507005	0.35766423357664245	0.012422360248447228	0.0777777777777775	0.44444444444444464	0.4800000000000004	0.11904761904761951	0.0423728813559322	4
0.0252100840336138	0.18918918918918592	0.045454545454545414	0.23931623931623935	0.06315789473684186	1.0	0.028169014084507005	0.43065693430656915	0.012422360248447228	0.0777777777777775	0.5	0.4800000000000004	0.11904761904761951	0.033898305084745756	4
0.008403361344537785	0.1621621621621614	0.045454545454545414	0.2051282051282044	0.06315789473684186	0.0	0.028169014084507005	0.37956204379562064	0.006211180124223725	0.0777777777777775	0.5	0.4800000000000004	0.11904761904761951	0.033898305084745756	4
0.0	0.1621621621621614	0.051948051948051965	0.18803418803418737	0.05263157894736814	1.0	0.028169014084507005	0.42335766423357657	0.012422360248447228	0.0777777777777775	0.5555555555555554	0.4800000000000004	0.11904761904761951	0.033898305084745756	4
0.0	0.1351351351351333	0.05844155844155852	0.16239316239316182	0.042105263157894424	1.0	0.014084507042253502	0.416058394160584	0.006211180124223725	0.06666666666666643	0.5	0.4800000000000004	0.11904761904761951	0.033898305084745756	4
0.06722689075630273	0.1621621621621614	0.05844155844155852	0.16239316239316182	0.042105263157894424	1.0	0.014084507042253502	0.3868613138686132	0.006211180124223725	0.06666666666666643	0.5555555555555554	0.4800000000000004	0.11904761904761951	0.033898305084745756	4
0.11764705882352944	0.1351351351351333	0.045454545454545414	0.1538461538461533	0.03157894736842071	1.0	0.014084507042253502	0.4014598540145984	0.006211180124223725	0.05555555555555536	0.5	0.4800000000000004	0.14285714285714324	0.033898305084745756	4
0.10924369747899165	0.1621621621621614	0.045454545454545414	0.1538461538461533	0.02105263157894699	1.0	0.0	0.4744525547445255	0.006211180124223725	0.05555555555555536	0.5	0.4800000000000004	0.14285714285714324	0.033898305084745756	4
0.07563025210084051	0.1621621621621614	0.045454545454545414	0.1538461538461533	0.02105263157894699	1.0	0.0	0.4817518248175181	0.0	0.05555555555555536	0.5	0.4800000000000004	0.14285714285714324	0.033898305084745756	4
0.11764705882352944	0.1351351351351333	0.05844155844155852	0.1538461538461533	0.02105263157894699	1.0	0.0	0.43065693430656915	0.006211180124223725	0.04444444444444429	0.5	0.4800000000000004	0.11904761904761951	0.033898305084745756	4
0.134453781512605	0.1351351351351333	0.1428571428571428	0.11965811965811923	0.010526315789473717	1.0	0.028169014084507005	0.42335766423357657	0.07453416149068337	0.04444444444444429	0.5	0.4800000000000004	0.14285714285714324	0.13559322033898302	4
0.134453781512605	0.1351351351351333	0.18181818181818166	0.1025641025641022	0.02105263157894699	1.0	0.028169014084507005	0.42335766423357657	0.08695652173913038	0.05555555555555536	0.5	0.4800000000000004	0.14285714285714324	0.0423728813559322	4
0.1680672268907566	0.10810810810810523	0.16233766233766245	0.11111111111111072	0.06315789473684186	1.0	0.014084507042253502	0.45255474452554734	0.08074534161490687	0.05555555555555536	0.5	0.4800000000000004	0.14285714285714324	0.033898305084745756	4
0.1428571428571428	0.10810810810810523	0.14935064935064934	0.14529914529914478	0.12631578947368416	1.0	0.014084507042253502	0.4744525547445255	0.07453416149068337	0.05555555555555536	0.44444444444444464	0.4800000000000004	0.11904761904761951	0.033898305084745756	4
0.10924369747899165	0.0810810810810807	0.12337662337662358	0.11111111111111072	0.12631578947368416	1.0	0.014084507042253502	0.46715328467153294	0.06832298136645965	0.05555555555555536	0.44444444444444464	0.4800000000000004	0.11904761904761951	0.05084745762711865	4
0.04201680672268937	0.0810810810810807	0.10389610389610393	0.09401709401709368	0.11578947368421044	1.0	0.04225352112676051	0.5255474452554745	0.06211180124223614	0.05555555555555536	0.44444444444444464	0.4800000000000004	0.11904761904761951	0.0423728813559322	4
0.11764705882352944	0.0810810810810807	0.06493506493506507	0.09401709401709368	0.10526315789473673	1.0	0.08450704225352101	0.5401459854014601	0.049689440993788914	0.04444444444444429	0.5	0.4800000000000004	0.11904761904761951	0.033898305084745756	4
0.15126050420168102	0.054054054054052614	0.045454545454545414	0.11111111111111072	0.08421052631578929	1.0	0.05633802816901401	0.5036496350364963	0.037267080745341685	0.05555555555555536	0.5	0.5199999999999996	0.09523809523809579	0.033898305084745756	4
0.11764705882352944	0.0810810810810807	0.17532467532467555	0.09401709401709368	0.07368421052631557	1.0	0.04225352112676051	0.5182481751824819	0.05590062111801242	0.04444444444444429	0.5	0.11999999999999922	0.14285714285714324	0.02542372881355931	4
0.19327731092436995	0.054054054054052614	0.2142857142857144	0.12820512820512775	0.16842105263157858	1.0	0.08450704225352101	0.5182481751824819	0.0931677018633541	0.05555555555555536	0.5	0.16000000000000014	0.11904761904761951	0.0423728813559322	4
0.11764705882352944	0.10810810810810523	0.16233766233766245	0.13675213675213627	0.13684210526315788	1.0	0.05633802816901401	0.45985401459854036	0.07453416149068337	0.08888888888888857	0.5	0.11999999999999922	0.11904761904761951	0.033898305084745756	4
0.10084033613445387	0.0	0.11688311688311703	0.13675213675213627	0.1578947368421053	1.0	0.05633802816901401	0.416058394160584	0.06832298136645965	0.0777777777777775	0.5	0.11999999999999922	0.09523809523809579	0.033898305084745756	4
0.09243697478991608	0.0	0.10389610389610393	0.14529914529914478	0.1473684210526316	1.0	0.04225352112676051	0.43065693430656915	0.06832298136645965	0.0777777777777775	0.5	0.11999999999999922	0.07142857142857206	0.033898305084745756	4
0.07563025210084051	0.0	0.09090909090909083	0.11965811965811923	0.12631578947368416	1.0	0.028169014084507005	0.3941605839416058	0.05590062111801242	0.06666666666666643	0.5	0.11999999999999922	0.07142857142857206	0.033898305084745756	4
0.09243697478991608	0.0	0.11038961038961048	0.11111111111111072	0.16842105263157858	1.0	0.028169014084507005	0.4379562043795622	0.049689440993788914	0.06666666666666643	0.5	0.11999999999999922	0.09523809523809579	0.033898305084745756	4
0.134453781512605	0.054054054054052614	0.23376623376623362	0.17094017094017033	0.18947368421052602	0.0	0.014084507042253502	0.416058394160584	0.05590062111801242	0.05555555555555536	0.5	0.11999999999999922	0.09523809523809579	0.02542372881355931	4
0.07563025210084051	0.0	0.12337662337662358	0.17094017094017033	0.16842105263157858	1.0	0.0	0.46715328467153294	0.04347826086956519	0.04444444444444429	0.5	0.11999999999999922	0.09523809523809579	0.02542372881355931	4
0.07563025210084051	0.0	0.051948051948051965	0.11965811965811923	0.13684210526315788	1.0	0.0	0.5255474452554745	0.04347826086956519	0.04444444444444429	0.5555555555555554	0.11999999999999922	0.09523809523809579	0.02542372881355931	4
0.5210084033613445	0.054054054054052614	0.10389610389610393	0.9487179487179489	0.8736842105263154	1.0	0.46478873239436647	0.6569343065693432	0.1428571428571428	0.08888888888888857	0.5555555555555554	0.11999999999999922	0.14285714285714324	0.05932203389830509	4
0.3025210084033616	0.0810810810810807	0.11688311688311703	0.5470085470085468	0.42105263157894735	1.0	0.29577464788732355	0.5693430656934308	0.17391304347826098	0.16666666666666696	0.6111111111111107	0.11999999999999922	0.11904761904761951	0.0423728813559322	4
0.20168067226890773	0.054054054054052614	0.051948051948051965	0.38461538461538414	0.21052631578947345	1.0	0.21126760563380254	0.5547445255474452	0.1428571428571428	0.14444444444444393	0.6666666666666661	0.11999999999999922	0.07142857142857206	0.033898305084745756	4
0.17647058823529438	0.054054054054052614	0.03896103896103886	0.3247863247863245	0.16842105263157858	1.0	0.18309859154929553	0.4963503649635037	0.1366459627329193	0.13333333333333286	0.6666666666666661	0.11999999999999922	0.04761904761904834	0.033898305084745756	4
0.12605042016806722	0.054054054054052614	0.012987012987013102	0.2564102564102564	0.12631578947368416	1.0	0.15492957746478853	0.48905109489051113	0.1304347826086958	0.13333333333333286	0.6666666666666661	0.11999999999999922	0.04761904761904834	0.033898305084745756	4
0.06722689075630273	0.02702702702702453	0.0	0.2136752136752138	0.10526315789473673	1.0	0.14084507042253547	0.5109489051094889	0.11801242236024856	0.12222222222222179	0.6111111111111107	0.11999999999999922	0.04761904761904834	0.033898305084745756	4
0.06722689075630273	0.02702702702702453	0.0	0.2051282051282044	0.09473684210526301	1.0	0.11267605633802846	0.4963503649635037	0.11180124223602483	0.12222222222222179	0.6111111111111107	0.11999999999999922	0.04761904761904834	0.033898305084745756	4
